v1  = 46.63248578119772
v2  = 50.32703245232519
v3  = 52.797591167614584
v4  = 45.14611910337904
