v1  = 75.026525198939
v2  = 79.51591511936338
v3  = 81.16710875331566
v4  = 75.10941644562334