v1  = 94.66666666666666%
v2  = 95.33333333333333%
v3  = 90.66666666666666
v4  = 22.0