v1  = 96.17647058823529
v2  = 97.05882352941175
v3  = 96.02941176470588
v4  = 89.55882352941175