v1  = 19.77598432005534
v2  = 25.523491093560846
v3  = 25.929324955323683
v4  = 20.900905055629217