v1  = 92.22222222222223
v2  = 93.88888888888889
v3  = 94.44444444444446
v4  = 37.222222222222214
